45 0.14522135416666668 0.5705794259259259 0.1270703125 0.5705794259259259 0.1270703125 0.5992122407407408 0.14522135416666668 0.5992122407407408 0.14522135416666668 0.5705794259259259
13 0.16466796759259258 0.5663867199074074 0.14694661574074075 0.5663867199074074 0.14694661574074075 0.5937695324074075 0.16466796759259258 0.5937695324074075 0.16466796759259258 0.5663867199074074
36 0.18454427083333333 0.561946613425926 0.16446614583333333 0.561946613425926 0.16446614583333333 0.5893815092592593 0.18454427083333333 0.5893815092592593 0.18454427083333333 0.561946613425926
49 0.20368229166666668 0.5901822916666667 0.11133203240740741 0.614579425925926 0.11321484259259258 0.6378046875000001 0.20608854166666665 0.6120677083333333 0.20368229166666668 0.5901822916666667
8 0.18893229166666667 0.6215559884259259 0.17072916666666665 0.6215559884259259 0.17072916666666665 0.6476367199074075 0.18893229166666667 0.6476367199074075 0.18893229166666667 0.6215559884259259
8 0.1709505208333333 0.6254817708333333 0.1519140625 0.6254817708333333 0.1519140625 0.6539192708333333 0.1709505208333333 0.6539192708333333 0.1709505208333333 0.6254817708333333
8 0.15170572916666666 0.6325455717592592 0.13282552083333335 0.6325455717592592 0.13282552083333335 0.6587304675925926 0.15170572916666666 0.6587304675925926 0.15170572916666666 0.6325455717592592
37 0.472109375 0.5700455740740741 0.45416666666666666 0.5700455740740741 0.45416666666666666 0.5975325509259258 0.472109375 0.5975325509259258 0.472109375 0.5700455740740741
39 0.48986979166666667 0.5652343750000001 0.4715625 0.5652343750000001 0.4715625 0.5909375 0.48986979166666667 0.5909375 0.48986979166666667 0.5652343750000001
36 0.5078255208333333 0.5606640625 0.4885026041666667 0.5606640625 0.4885026041666667 0.5874609375000001 0.5078255208333333 0.5874609375000001 0.5078255208333333 0.5606640625
49 0.5237578125 0.5828632824074075 0.44171484490740737 0.6127408842592593 0.44647656249999995 0.6358216134259259 0.5301679675925927 0.6044973958333334 0.5237578125 0.5828632824074075
7 0.4798059884259259 0.6240976550925926 0.4642395833333333 0.6284947916666667 0.47174869675925923 0.6556054699074074 0.48566666666666664 0.6513932291666668 0.4798059884259259 0.6240976550925926
7 0.4811796875 0.6222369791666666 0.4878645833333333 0.6497434907407408 0.5026979166666666 0.6444309884259259 0.49665494675925925 0.6175026041666667 0.4811796875 0.6222369791666666
7 0.49903515740740745 0.6165143217592592 0.5047122407407407 0.6431497407407407 0.5206445324074074 0.6383867199074075 0.5138684884259259 0.6112747407407407 0.49903515740740745 0.6165143217592592
9 0.743078125 0.6296705717592593 0.7273320324074075 0.6353151041666666 0.7354700532407408 0.6586757800925925 0.7519244791666666 0.6521289050925927 0.743078125 0.6296705717592593
9 0.7466171875000001 0.629227863425926 0.7531627592592592 0.6512434884259258 0.7641315092592592 0.6464648425925925 0.7581171875 0.625227863425926 0.7466171875000001 0.629227863425926
9 0.7609921875 0.6263528634259259 0.7664322916666667 0.6455807291666666 0.7820013032407408 0.6432799467592593 0.7733320300925925 0.6216888032407408 0.7609921875 0.6263528634259259
49 0.7144166666666666 0.6362005208333333 0.7886354166666666 0.6082187499999999 0.7828854166666667 0.5912486990740741 0.7068085925925927 0.6156705717592593 0.7144166666666666 0.6362005208333333
2 0.7375937499999999 0.6011588541666667 0.7264921875 0.5746028657407408 0.7114088541666667 0.5813372384259259 0.7202552083333335 0.6057604166666666 0.7375937499999999 0.6011588541666667
10 0.7427239583333333 0.5708958333333334 0.7298085949074073 0.5748242175925926 0.7388320300925926 0.5993893240740741 0.7528085949074075 0.5940807291666667 0.7427239583333333 0.5708958333333334
21 0.7590013032407407 0.5648789074074074 0.7450690092592593 0.5704010416666667 0.755109375 0.5956731759259258 0.7703242199074074 0.5901861967592593 0.7590013032407407 0.5648789074074074
45 0.9046328125 0.5570585949074074 0.9093281249999999 0.5831276041666666 0.9260507824074075 0.5779804699074075 0.9219335925925926 0.5540481782407407 0.9046328125 0.5570585949074074
11 0.9255351550925925 0.5557721365740741 0.9291380208333334 0.5766940092592593 0.9402005208333334 0.5746354166666667 0.9383997407407407 0.5553346342592592 0.9255351550925925 0.5557721365740741
40 0.9594960949074074 0.5519882824074074 0.9419361990740741 0.5535208333333334 0.9443164050925925 0.5725768217592593 0.9561510416666666 0.571546875 0.9594960949074074 0.5519882824074074
49 0.9721015625 0.5764374999999999 0.8969140625 0.5921106759259259 0.9013515624999999 0.6101497407407408 0.9741601550925926 0.5916210925925925 0.9721015625 0.5764374999999999
9 0.9371132800925926 0.6032018240740741 0.9213554675925926 0.6065833333333333 0.9263072916666667 0.6325390624999999 0.9409713541666667 0.6294505208333333 0.9371132800925926 0.6032018240740741
9 0.9396861967592592 0.6024023449074074 0.9432877615740741 0.6281640625 0.9551223958333332 0.624046875 0.9540924490740741 0.6016575532407408 0.9396861967592592 0.6024023449074074