40 0.1440625 0.653313800925926 0.12635416666666666 0.653313800925926 0.12635416666666666 0.6727799490740741 0.1440625 0.6727799490740741 0.1440625 0.653313800925926
17 0.16707682407407407 0.6476692708333333 0.1427148449074074 0.6476692708333333 0.1427148449074074 0.6700651041666666 0.16707682407407407 0.6700651041666666 0.16707682407407407 0.6476692708333333
38 0.19280598842592592 0.6459700509259259 0.17261067824074075 0.6459700509259259 0.17261067824074075 0.6705143240740741 0.19280598842592592 0.6705143240740741 0.19280598842592592 0.6459700509259259
49 0.21491145833333333 0.6691653634259259 0.10435416666666668 0.6820768240740741 0.10525651157407408 0.7039218749999999 0.21807031249999997 0.6831588541666667 0.21491145833333333 0.6691653634259259
1 0.1521875 0.6956119791666666 0.13424479166666667 0.6956119791666666 0.13424479166666667 0.7174609375000001 0.1521875 0.7174609375000001 0.1521875 0.6956119791666666
1 0.17204427083333335 0.6939192708333333 0.1551171875 0.6939192708333333 0.1551171875 0.7161067708333333 0.17204427083333335 0.7161067708333333 0.17204427083333335 0.6939192708333333
1 0.19595052083333334 0.6899674490740741 0.18162760416666668 0.6899674490740741 0.18162760416666668 0.7129492175925926 0.19595052083333334 0.7129492175925926 0.19595052083333334 0.6899674490740741
1 0.8024479166666667 0.593522136574074 0.7857552083333333 0.593522136574074 0.7857552083333333 0.6145507824074073 0.8024479166666667 0.6145507824074073 0.8024479166666667 0.593522136574074
49 0.8457708333333334 0.5721158865740741 0.7293463541666667 0.5805442708333334 0.733859375 0.5987473958333334 0.8525403657407408 0.5888177083333334 0.8457708333333334 0.5721158865740741
43 0.7744726550925926 0.5517708333333333 0.7474023449074074 0.5517708333333333 0.7474023449074074 0.576171875 0.7744726550925926 0.576171875 0.7744726550925926 0.5517708333333333
11 0.7947851574074074 0.5517773425925926 0.7772981782407408 0.5517773425925926 0.7772981782407408 0.5730143217592593 0.7947851574074074 0.5730143217592593 0.7947851574074074 0.5517773425925926
31 0.82140625 0.5495182291666667 0.7976041666666667 0.5495182291666667 0.7976041666666667 0.5712109375 0.82140625 0.5712109375 0.82140625 0.5495182291666667