11 0.40187500000000004 0.5058463541666667 0.3844270833333333 0.5058463541666667 0.3844270833333333 0.5419140625 0.40187500000000004 0.5419140625 0.40187500000000004 0.5058463541666667
16 0.4215364583333333 0.5046875000000001 0.40322916666666664 0.5046875000000001 0.40322916666666664 0.53953125 0.4215364583333333 0.53953125 0.4215364583333333 0.5046875000000001
38 0.44040364583333336 0.5016601550925925 0.4228515625 0.5016601550925925 0.4228515625 0.5375585949074074 0.44040364583333336 0.5375585949074074 0.44040364583333336 0.5016601550925925
61 0.4338151041666667 0.5478385416666667 0.3926953125 0.5478385416666667 0.3926953125 0.5802864583333334 0.4338151041666667 0.5802864583333334 0.4338151041666667 0.5478385416666667
8 0.4047851574074074 0.5832226574074074 0.38664713657407407 0.5832226574074074 0.38664713657407407 0.6228710925925925 0.4047851574074074 0.6228710925925925 0.4047851574074074 0.5832226574074074
1 0.4226888009259259 0.5838216157407408 0.40720703240740747 0.5838216157407408 0.40720703240740747 0.6211783865740741 0.4226888009259259 0.6211783865740741 0.4226888009259259 0.5838216157407408
3 0.44154947916666665 0.5829101574074074 0.42352864583333333 0.5829101574074074 0.42352864583333333 0.6197200532407408 0.44154947916666665 0.6197200532407408 0.44154947916666665 0.5829101574074074
1 0.6841536458333333 0.36134765509259253 0.6734505208333333 0.36134765509259253 0.6734505208333333 0.3835481782407407 0.6841536458333333 0.3835481782407407 0.6841536458333333 0.36134765509259253
10 0.6946614583333334 0.3594791666666666 0.6847135416666666 0.3594791666666666 0.6847135416666666 0.380546875 0.6946614583333334 0.380546875 0.6946614583333334 0.3594791666666666
11 0.7054817708333333 0.3566276041666667 0.6940234375000001 0.3566276041666667 0.6940234375000001 0.3758723958333334 0.7054817708333333 0.3758723958333334 0.7054817708333333 0.3566276041666667
77 0.7031627615740741 0.3839804675925926 0.682295574074074 0.3904322916666667 0.687421875 0.40375520833333334 0.705359375 0.39716406249999997 0.7031627615740741 0.3839804675925926
7 0.6849401041666666 0.4112174490740741 0.6767747407407407 0.41319531249999997 0.6810299467592592 0.43560546990740745 0.6860898449074073 0.43192447916666665 0.6849401041666666 0.4112174490740741
9 0.6948307291666667 0.40822656249999995 0.6865507800925926 0.4106080717592593 0.6902304675925925 0.43031380092592597 0.6982799490740741 0.4266328125 0.6948307291666667 0.40822656249999995
9 0.7047200532407407 0.4038554699074074 0.6957500000000001 0.40744531250000005 0.6996601574074075 0.42640234259259263 0.7093203125 0.4241015625 0.7047200532407407 0.4038554699074074