1 0.2533737152777778 0.6761813726851851 0.24192530324074074 0.6833636203703704 0.2582121851851852 0.6971832986111111 0.26685224074074076 0.6918679976851853 0.2533737152777778 0.6761813726851851
1 0.27203641435185183 0.7126106435185185 0.2628779189814815 0.7185183819444445 0.27912138194444447 0.7332237384259259 0.28672478935185186 0.7277787106481481 0.27203641435185183 0.7126106435185185
3 0.28672478935185186 0.7028876041666666 0.2723821203703704 0.7110661759259259 0.29156325925925924 0.7245376412037038 0.3012401967592592 0.7158517152777778 0.28672478935185186 0.7028876041666666
0 0.3010674606481481 0.6939422268518519 0.2883664791666667 0.7016699930555556 0.30383240046296295 0.7148146018518519 0.315583099537037 0.7070360648148147 0.3010674606481481 0.6939422268518519
3 0.31575583564814813 0.6847377453703705 0.303270775462963 0.6925976898148148 0.31592857175925926 0.7057396712962963 0.32819771296296296 0.6970537453703705 0.31575583564814813 0.6847377453703705
10 0.2680618587962963 0.6661990555555556 0.25553361342592595 0.6746153703703703 0.2703083564814815 0.6892752106481481 0.2825774976851852 0.6796817222222222 0.2680618587962963 0.6661990555555556
33 0.2853424375 0.6789894953703703 0.2993394027777778 0.6711253495370371 0.2853424375 0.6569943981481481 0.2703083564814815 0.6660693287037036 0.2853424375 0.6789894953703703
57 0.3040051342592593 0.6735885856481482 0.25142950462962965 0.7071780462962963 0.26201377314814817 0.7174073888888889 0.31299089583333334 0.6826635162037037 0.3040051342592593 0.6735885856481482
1 0.47040452777777775 0.5462984953703703 0.46445284722222224 0.5505733541666666 0.47553151157407403 0.5603881296296296 0.4821316527777778 0.5564091388888889 0.47040452777777775 0.5462984953703703
2 0.49235597685185184 0.5733692222222222 0.48596195138888887 0.5783349097222222 0.4959801597222222 0.587530636574074 0.5036409907407408 0.5817832638888889 0.49235597685185184 0.5733692222222222
8 0.49957469675925925 0.5668501412037037 0.49374066203703704 0.5723223032407407 0.5045838009259259 0.5812528009259259 0.5101230162037037 0.5763012962962963 0.49957469675925925 0.5668501412037037
6 0.5068230625 0.5611813726851852 0.5012836134259259 0.5663096990740741 0.5113018217592592 0.5753286064814814 0.5173125578703703 0.5709075625 0.5068230625 0.5611813726851852
3 0.5130695601851852 0.5561412824074075 0.5078249305555556 0.5603310578703704 0.5184911296296296 0.5702886898148148 0.5240305787037037 0.5656024166666667 0.5130695601851852 0.5561412824074075
10 0.4795387476851852 0.5408842777777777 0.4729974328703704 0.545000349537037 0.48348692824074074 0.5554339976851852 0.4909119976851852 0.550128675925926 0.4795387476851852 0.5408842777777777
29 0.4927978518518519 0.549502800925926 0.4993979930555556 0.5449119398148148 0.4911477592592593 0.5369541319444444 0.48124766666666663 0.5401372546296296 0.4927978518518519 0.549502800925926
73 0.5004586828703703 0.5478298310185186 0.4771225486111111 0.5644529050925926 0.48678711574074074 0.5724107152777778 0.5102408958333333 0.555345587962963 0.5004586828703703 0.5478298310185186
1 0.5976330532407408 0.5195414907407407 0.5933085902777777 0.5221043425925926 0.6006781041666666 0.5308583680555555 0.6046699351851852 0.5286314768518519 0.5976330532407408 0.5195414907407407
10 0.6041582638888889 0.5157307430555556 0.5985287106481482 0.5188697476851852 0.6063076574074074 0.5273261550925926 0.6110161064814815 0.524408087962963 0.6041582638888889 0.5157307430555556
37 0.6123466388888889 0.523283962962963 0.6174645185185185 0.5199543078703703 0.6105044351851852 0.5117377453703704 0.604977125 0.5150397407407407 0.6123466388888889 0.523283962962963
73 0.6181043425925926 0.5224203425925926 0.6006781041666666 0.5329317222222222 0.607024275462963 0.5403035717592592 0.6242201203703703 0.5301673680555555 0.6181043425925926 0.5224203425925926
5 0.6106834745370371 0.540844537037037 0.6050793657407408 0.5450227592592592 0.6114255370370371 0.5530089282407408 0.6169528472222223 0.5487086828703703 0.6106834745370371 0.540844537037037
4 0.6155452847222223 0.5371980046296296 0.6110161064814815 0.5406456574074073 0.6169528472222223 0.5484014351851852 0.6220704953703704 0.544561974537037 0.6155452847222223 0.5371980046296296
1 0.6210471527777778 0.5336475833333333 0.6165434166666667 0.5368830532407407 0.6228893564814816 0.5444084375 0.6267789444444445 0.5412599791666667 0.6210471527777778 0.5336475833333333
9 0.625448412037037 0.5298951319444444 0.6214309050925926 0.5332636550925925 0.6269836597222223 0.541029587962963 0.6319990671296296 0.5373436620370371 0.625448412037037 0.5298951319444444
1 0.6642366944444444 0.4453585439814815 0.6610737638888889 0.4478800763888889 0.6693167592592593 0.45406407638888885 0.6727672731481482 0.4514754907407407 0.6642366944444444 0.4453585439814815
1 0.6808905231481481 0.46216211574074073 0.6787100833333334 0.46413130324074076 0.6856111111111112 0.46945255555555554 0.687144724537037 0.46743907638888893 0.6808905231481481 0.46216211574074073
8 0.6842453310185185 0.4586577384259259 0.6817773101851853 0.4611111689814815 0.6881034074074074 0.4667200625 0.6908830532407407 0.46384366203703703 0.6842453310185185 0.4586577384259259
8 0.6877198888888889 0.4559618356481482 0.6848443032407407 0.4585943634259259 0.6922247893518518 0.46384366203703703 0.6949084976851851 0.46103921527777775 0.6877198888888889 0.4559618356481482
7 0.6916736689814814 0.4518284305555556 0.6880074699074074 0.45521463657407407 0.6950044351851852 0.4604639351851852 0.6974964976851852 0.45794712962962963 0.6916736689814814 0.4518284305555556
73 0.6810105046296295 0.44688620370370374 0.671808824074074 0.4561495092592593 0.6792852476851853 0.4611831226851852 0.6900203078703704 0.4516192222222222 0.6810105046296295 0.44688620370370374
10 0.6685499537037037 0.44212359953703706 0.6648118587962962 0.4455070023148148 0.6735340810185185 0.4514754907407407 0.6769848263888889 0.4483834027777778 0.6685499537037037 0.44212359953703706
11 0.6725037337962964 0.4385292361111111 0.6688375347222222 0.4417678564814815 0.6768888888888889 0.44773616898148144 0.6810105046296295 0.4445721296296296 0.6725037337962964 0.4385292361111111