11 0.34141881944444447 0.4289779907407407 0.33186162268518515 0.4547193958333334 0.36052952083333334 0.46085694675925926 0.3690239861111111 0.43155983564814815 0.34141881944444447 0.4289779907407407
37 0.3702841319444445 0.43268913425925926 0.3613265671296296 0.4620440162037037 0.38760516666666667 0.4656066018518519 0.39875276851851854 0.4345295740740741 0.3702841319444445 0.43268913425925926
15 0.40114206712962963 0.4376354884259259 0.3923819189814815 0.46525997222222226 0.42157933564814815 0.47040577777777776 0.43219741666666667 0.441900962962963 0.40114206712962963 0.4376354884259259
101 0.33876383796296294 0.4665777175925926 0.3315977870370371 0.4848569467592593 0.39981365277777775 0.4965350763888889 0.40645018518518516 0.4753548819444444 0.33876383796296294 0.4665777175925926
9 0.318856087962963 0.48834525462962963 0.3098321041666666 0.5147469050925926 0.3361088564814815 0.5206850069444444 0.34805350462962964 0.49614030324074077 0.318856087962963 0.48834525462962963
8 0.3513726944444444 0.49452957407407405 0.34221402314814814 0.5200921597222222 0.3647767523148148 0.5246451180555556 0.37778228703703703 0.49633837731481484 0.3513726944444444 0.49452957407407405
2 0.3805701111111111 0.4984869328703703 0.3692896689814815 0.5266244837962963 0.3958321041666667 0.5319683634259259 0.4106974166666667 0.5038596967592592 0.3805701111111111 0.4984869328703703
1 0.8319778587962964 0.6964016504629629 0.8167214027777777 0.7299270972222223 0.8472343171296296 0.7384607986111111 0.8617287824074075 0.7034745532407407 0.8319778587962964 0.6964016504629629
10 0.8739335787037037 0.7052874837962962 0.8560073796296296 0.7413053634259259 0.8922416967592594 0.7515460787037037 0.9113136527777778 0.7188335625 0.8739335787037037 0.7052874837962962
12 0.9158911435185184 0.7191513078703703 0.9029225092592592 0.7543892708333333 0.9406826574074074 0.7651994490740741 0.9551771226851853 0.7307812939814815 0.9158911435185184 0.7191513078703703
81 0.8152896689814815 0.7401224212962964 0.8003191875 0.7663370023148148 0.9197047962962963 0.8033149930555555 0.939156826388889 0.777998625 0.8152896689814815 0.7401224212962964
7 0.8594409583333333 0.7906423657407408 0.8191051666666667 0.7763782662037038 0.8037527685185185 0.8065708379629629 0.8380811805555555 0.818232462962963 0.8594409583333333 0.7906423657407408
2 0.8658284143518519 0.790596974537037 0.8426568263888888 0.8199394768518519 0.8834704791666667 0.8350151296296296 0.907880074074074 0.8048638240740741 0.8658284143518519 0.790596974537037
