1 0.27768229166666664 0.44050130092592593 0.263046875 0.44050130092592593 0.263046875 0.4793164050925926 0.27768229166666664 0.4793164050925926 0.27768229166666664 0.44050130092592593
10 0.2992773449074074 0.437890625 0.2804622407407407 0.437890625 0.2804622407407407 0.473515625 0.2992773449074074 0.473515625 0.2992773449074074 0.437890625
22 0.3187890625 0.4348046875 0.3013671875 0.4348046875 0.3013671875 0.47467447916666666 0.3187890625 0.47467447916666666 0.3187890625 0.4348046875
1 0.2660677083333333 0.5206315115740741 0.248828125 0.5206315115740741 0.248828125 0.5592382800925926 0.2660677083333333 0.5592382800925926 0.2660677083333333 0.5206315115740741
1 0.2853450532407407 0.517734375 0.2700195324074074 0.517734375 0.2700195324074074 0.555078125 0.2853450532407407 0.555078125 0.2853450532407407 0.517734375
6 0.30764322916666664 0.5157747384259259 0.2871484375 0.5157747384259259 0.2871484375 0.5520638032407408 0.30764322916666664 0.5520638032407408 0.30764322916666664 0.5157747384259259
6 0.3278515625 0.5149023449074074 0.3071744791666667 0.5149023449074074 0.3071744791666667 0.5504361990740742 0.3278515625 0.5504361990740742 0.3278515625 0.5149023449074074
96 0.31908072916666663 0.47628645833333333 0.26002604166666665 0.48862890509259255 0.26002604166666665 0.5192981782407408 0.321578125 0.5058216157407407 0.31908072916666663 0.47628645833333333
2 0.7191901041666667 0.5519348958333333 0.7036927083333333 0.5589023449074074 0.7092031249999999 0.5933515625 0.7294075509259259 0.5871510416666667 0.7191901041666667 0.5519348958333333
11 0.7372708333333333 0.5476289074074074 0.721141925925926 0.5522421875 0.7305546875 0.5876106782407408 0.7429531250000001 0.5807200509259259 0.7372708333333333 0.5476289074074074
19 0.7519075532407408 0.5421770833333333 0.7367539074074074 0.5471901041666667 0.7429531250000001 0.5809505208333333 0.7567291666666667 0.5754388009259259 0.7519075532407408 0.5421770833333333
51 0.7699869791666666 0.5791979166666666 0.6963463541666667 0.6078203125 0.6986419259259259 0.6369869791666667 0.7718815092592592 0.6048346365740741 0.7699869791666666 0.5791979166666666
7 0.7209127592592592 0.6297083333333333 0.7043815115740741 0.6363450532407408 0.7098919282407408 0.667578125 0.7234375 0.6597708333333334 0.7209127592592592 0.6297083333333333
6 0.7358359375 0.6242552083333334 0.7213710949074075 0.6296848958333333 0.7248151041666666 0.6602291666666666 0.7385911458333333 0.6535690115740741 0.7358359375 0.6242552083333334
2 0.7461679675925926 0.6202369791666668 0.7367539074074074 0.6246328125 0.7397395833333333 0.6535690115740741 0.7528255208333333 0.6473684884259259 0.7461679675925926 0.6202369791666668
0 0.7608033865740741 0.6147851550925926 0.7480039050925926 0.6193502592592592 0.7530546874999999 0.647828125 0.765453125 0.6395598958333333 0.7608033865740741 0.6147851550925926
